1939
775
993
1217
0
1531
1696
0
2016
0
0
2291
0
2560
0
0
2811
0
0
3039
0
0
0
3441
0
0
3563
0
0
0
3758
0
0
0
4062
0
0
0
0
4475
0
0
0
0
4441
0
0
0
4677
0
0
0
0
4741
0
0
0
0
4887
0
0
0
0
4971
0
0
0
0
5028
0
0
0
0
4970
0
0
0
0
0
5269
0
0
0
0
5009
0
0
0
0
4982
0
0
0
0
4801
0
0
0
0
4958
0
0
0
0
4620
0
0
0
4510
0
0
0
0
4250
0
0
0
4054
0
0
0
3944
0
0
3631
0
0
0
3529
0
0
3358
0
0
0
3100
0
0
3044
0
0
2880
0
2745
0
0
2635
0
0
2420
0
2374
0
2304
0
0
2175
0
2072
0
1926
0
1816
1817
0
1667
0
1734
0
1630
1508
0
1486
1496
0
1453
1363
1282
0
1304
1250
1280
1211
0
1222
1107
1095
1050
1010
998
1021
945
909
857
937
883
1638
807
705
1415
735
1374
650
1294
630
1175
1116
580
1062
1064
1050
964
984
950
902
1271
801
1185
797
1090
736
1081
1063
1070
999
957
888
860
1168
844
1046
1025
941
955
922
1101
988
987
970
1083
915
929
1036
953
1075
917
1030
824
1014
867
758
0
2323
633
0
0
