1939
775
993
1217
1531
1696
2016
2291
2560
2811
3039
3441
3563
3758
4062
4475
4441
4677
4741
4887
4971
5028
4970
5269
5009
4982
4801
4958
4620
4510
4250
4054
3944
3631
3529
3358
3100
3044
2880
2745
2635
2420
2374
2304
2175
2072
1926
1816
1817
1667
1734
1630
1508
1486
1496
1453
1363
1282
1304
1250
1280
1211
1222
1107
1095
1050
1010
998
1021
945
909
857
937
883
845
793
807
705
742
673
735
686
688
650
661
633
630
599
576
589
527
580
520
542
557
507
525
525
492
472
478
506
459
491
438
464
414
418
439
396
405
406
396
383
409
388
350
415
325
407
329
372
352
357
361
354
348
394
341
335
307
324
368
292
328
337
286
303
299
285
299
276
308
298
279
283
277
271
296
262
262
277
245
281
211
237
296
251
242
221
227
239
222
239
255
239
213
224
246
249
225
223
192
212
195
192
199
209
193
188
184
207
221
187
210
179
198
190
193
185
196
180
187
180
155
174
183
194
181
183
183
176
193
195
182
172
202
180
160
173
149
150
160
151
173
166
153
177
182
182
158
203
173
197
194
171
162
193
199
187
197
230
217
257
303
264
256
277
241
240
244
282
341
758
2323
449
57
45
25
12
8
9
7
6
5
10
