291
2713
993
1217
0
1530
1696
0
2016
0
2291
0
2560
0
0
2811
0
0
3039
0
0
3441
0
0
3563
0
0
0
3758
0
0
0
4062
0
0
0
4475
0
0
0
4440
0
0
0
0
4677
0
0
0
0
4741
0
0
0
0
4887
0
0
0
0
4971
0
0
0
0
5028
0
0
0
0
4970
0
0
0
0
5269
0
0
0
0
5009
0
0
0
0
4982
0
0
0
0
4801
0
0
0
0
4958
0
0
0
0
4620
0
0
0
0
4510
0
0
0
0
4250
0
0
0
4054
0
0
0
3944
0
0
0
3631
0
0
0
3529
0
0
3358
0
0
0
3100
0
0
3044
0
0
2880
0
0
2745
0
0
2635
0
2420
0
0
2374
0
2304
0
0
2175
0
2072
0
1926
0
1816
0
1817
0
1667
1734
0
1630
0
1508
1486
0
1496
1453
0
1363
1282
1304
0
1250
1280
1211
0
1222
1107
1095
1050
1010
998
1021
945
909
857
937
883
845
793
1512
742
673
1421
688
1311
633
1229
1165
527
1100
1099
1032
1017
950
965
929
878
857
1207
779
1147
740
1108
1070
1096
676
999
957
1173
883
582
1106
1065
744
1180
955
932
852
988
987
970
1083
915
1101
864
953
1075
917
1030
1080
1002
1381
2323
0
449
174
0
