1939
1940
2715
3708
4925
6456
8152
10168
12459
15019
17830
20869
24310
27873
31631
35693
40168
44609
49286
54027
58914
63885
68913
73883
79152
84161
89143
93944
98902
103522
108032
112282
116336
120280
123911
127440
130798
133898
136942
139822
142567
145202
147622
149996
152300
154475
156547
158473
160289
162106
163773
165507
167137
168645
170131
171627
173080
174443
175725
177029
178279
179559
180770
181992
183099
184194
185244
186254
187252
188273
189218
190127
190984
191921
192804
193649
194442
195249
195954
196696
197369
198104
198790
199478
200128
200789
201422
202052
202651
203227
203816
204343
204923
205443
205985
206542
207049
207574
208099
208591
209063
209541
210047
210506
210997
211435
211899
212313
212731
213170
213566
213971
214377
214773
215156
215565
215953
216303
216718
217043
217450
217779
218151
218503
218860
219221
219575
219923
220317
220658
220993
221300
221624
221992
222284
222612
222949
223235
223538
223837
224122
224421
224697
225005
225303
225582
225865
226142
226413
226709
226971
227233
227510
227755
228036
228247
228484
228780
229031
229273
229494
229721
229960
230182
230421
230676
230915
231128
231352
231598
231847
232072
232295
232487
232699
232894
233086
233285
233494
233687
233875
234059
234266
234487
234674
234884
235063
235261
235451
235644
235829
236025
236205
236392
236572
236727
236901
237084
237278
237459
237642
237825
238001
238194
238389
238571
238743
238945
239125
239285
239458
239607
239757
239917
240068
240241
240407
240560
240737
240919
241101
241259
241462
241635
241832
242026
242197
242359
242552
242751
242938
243135
243365
243582
243839
244142
244406
244662
244939
245180
245420
245664
245946
246287
247045
249368
249817
249874
249919
249944
249956
249964
249973
249980
249986
0
